(kicad_pcb (version 20171130) (host pcbnew 5.1.9-73d0e3b20d~88~ubuntu20.10.1)

  (general
    (thickness 1.6)
    (drawings 2)
    (tracks 0)
    (zones 0)
    (modules 198)
    (nets 171)
  )

  (page A4)
  (layers
    (0 F.Cu signal)
    (31 B.Cu signal)
    (32 B.Adhes user)
    (33 F.Adhes user)
    (34 B.Paste user)
    (35 F.Paste user)
    (36 B.SilkS user)
    (37 F.SilkS user)
    (38 B.Mask user)
    (39 F.Mask user)
    (40 Dwgs.User user)
    (41 Cmts.User user)
    (42 Eco1.User user)
    (43 Eco2.User user)
    (44 Edge.Cuts user)
    (45 Margin user)
    (46 B.CrtYd user)
    (47 F.CrtYd user)
    (48 B.Fab user)
    (49 F.Fab user)
  )

  (setup
    (last_trace_width 0.25)
    (trace_clearance 0.2)
    (zone_clearance 0.508)
    (zone_45_only no)
    (trace_min 0.2)
    (via_size 0.8)
    (via_drill 0.4)
    (via_min_size 0.4)
    (via_min_drill 0.3)
    (uvia_size 0.3)
    (uvia_drill 0.1)
    (uvias_allowed no)
    (uvia_min_size 0.2)
    (uvia_min_drill 0.1)
    (edge_width 0.05)
    (segment_width 0.2)
    (pcb_text_width 0.3)
    (pcb_text_size 1.5 1.5)
    (mod_edge_width 0.12)
    (mod_text_size 1 1)
    (mod_text_width 0.15)
    (pad_size 1.524 1.524)
    (pad_drill 0.762)
    (pad_to_mask_clearance 0)
    (aux_axis_origin 0 0)
    (visible_elements FFFFFF7F)
    (pcbplotparams
      (layerselection 0x010fc_ffffffff)
      (usegerberextensions false)
      (usegerberattributes true)
      (usegerberadvancedattributes true)
      (creategerberjobfile true)
      (excludeedgelayer true)
      (linewidth 0.100000)
      (plotframeref false)
      (viasonmask false)
      (mode 1)
      (useauxorigin false)
      (hpglpennumber 1)
      (hpglpenspeed 20)
      (hpglpendiameter 15.000000)
      (psnegative false)
      (psa4output false)
      (plotreference true)
      (plotvalue true)
      (plotinvisibletext false)
      (padsonsilk false)
      (subtractmaskfromsilk false)
      (outputformat 1)
      (mirror false)
      (drillshape 1)
      (scaleselection 1)
      (outputdirectory ""))
  )

  (net 0 "")
  (net 1 +12V)
  (net 2 "Net-(D1-Pad1)")
  (net 3 "Net-(D2-Pad1)")
  (net 4 "Net-(D3-Pad1)")
  (net 5 "Net-(D4-Pad1)")
  (net 6 "Net-(D5-Pad1)")
  (net 7 "Net-(D6-Pad1)")
  (net 8 "Net-(D7-Pad1)")
  (net 9 "Net-(D8-Pad1)")
  (net 10 "Net-(D10-Pad2)")
  (net 11 "Net-(D10-Pad1)")
  (net 12 "Net-(D11-Pad1)")
  (net 13 "Net-(D12-Pad1)")
  (net 14 "Net-(D13-Pad1)")
  (net 15 "Net-(D14-Pad1)")
  (net 16 "Net-(D15-Pad1)")
  (net 17 "Net-(D16-Pad1)")
  (net 18 "Net-(D17-Pad1)")
  (net 19 "Net-(D18-Pad1)")
  (net 20 "Net-(D19-Pad1)")
  (net 21 "Net-(D20-Pad1)")
  (net 22 "Net-(D21-Pad1)")
  (net 23 "Net-(D22-Pad1)")
  (net 24 "Net-(D23-Pad1)")
  (net 25 "Net-(D24-Pad1)")
  (net 26 "Net-(D25-Pad1)")
  (net 27 "Net-(D26-Pad1)")
  (net 28 "Net-(D27-Pad1)")
  (net 29 "Net-(D28-Pad1)")
  (net 30 "Net-(D29-Pad1)")
  (net 31 "Net-(D30-Pad1)")
  (net 32 "Net-(D31-Pad1)")
  (net 33 "Net-(D32-Pad1)")
  (net 34 "Net-(D33-Pad1)")
  (net 35 "Net-(D34-Pad1)")
  (net 36 "Net-(D35-Pad1)")
  (net 37 "Net-(D36-Pad1)")
  (net 38 "Net-(D37-Pad1)")
  (net 39 "Net-(D38-Pad1)")
  (net 40 "Net-(D39-Pad1)")
  (net 41 "Net-(D40-Pad1)")
  (net 42 "Net-(D41-Pad1)")
  (net 43 "Net-(D42-Pad1)")
  (net 44 "Net-(D43-Pad1)")
  (net 45 "Net-(D44-Pad1)")
  (net 46 "Net-(D45-Pad1)")
  (net 47 "Net-(D46-Pad1)")
  (net 48 "Net-(D47-Pad1)")
  (net 49 "Net-(D48-Pad1)")
  (net 50 "Net-(D49-Pad1)")
  (net 51 "Net-(D50-Pad1)")
  (net 52 "Net-(D51-Pad1)")
  (net 53 "Net-(D52-Pad1)")
  (net 54 "Net-(D53-Pad1)")
  (net 55 "Net-(D54-Pad1)")
  (net 56 "Net-(D55-Pad1)")
  (net 57 "Net-(D56-Pad1)")
  (net 58 "Net-(D57-Pad1)")
  (net 59 "Net-(D58-Pad1)")
  (net 60 "Net-(D59-Pad1)")
  (net 61 "Net-(D60-Pad1)")
  (net 62 "Net-(D61-Pad1)")
  (net 63 "Net-(D62-Pad1)")
  (net 64 "Net-(D63-Pad1)")
  (net 65 "Net-(D64-Pad1)")
  (net 66 "Net-(D65-Pad1)")
  (net 67 "Net-(D66-Pad1)")
  (net 68 "Net-(D67-Pad1)")
  (net 69 "Net-(D68-Pad1)")
  (net 70 "Net-(D69-Pad1)")
  (net 71 "Net-(D70-Pad1)")
  (net 72 "Net-(D71-Pad1)")
  (net 73 "Net-(D72-Pad1)")
  (net 74 "Net-(D73-Pad1)")
  (net 75 "Net-(D74-Pad1)")
  (net 76 "Net-(D75-Pad1)")
  (net 77 "Net-(D76-Pad1)")
  (net 78 "Net-(D77-Pad1)")
  (net 79 "Net-(D78-Pad1)")
  (net 80 "Net-(D79-Pad1)")
  (net 81 "Net-(D80-Pad1)")
  (net 82 "Net-(D81-Pad1)")
  (net 83 "Net-(D82-Pad1)")
  (net 84 "Net-(D83-Pad1)")
  (net 85 "Net-(D84-Pad1)")
  (net 86 "Net-(D85-Pad1)")
  (net 87 "Net-(D86-Pad1)")
  (net 88 "Net-(D87-Pad1)")
  (net 89 "Net-(D88-Pad1)")
  (net 90 "Net-(D89-Pad1)")
  (net 91 "Net-(D90-Pad1)")
  (net 92 "Net-(D91-Pad1)")
  (net 93 "Net-(D92-Pad1)")
  (net 94 "Net-(D93-Pad1)")
  (net 95 "Net-(D94-Pad1)")
  (net 96 "Net-(D95-Pad1)")
  (net 97 "Net-(D96-Pad1)")
  (net 98 "Net-(D97-Pad1)")
  (net 99 "Net-(D98-Pad1)")
  (net 100 "Net-(D100-Pad2)")
  (net 101 "Net-(D100-Pad1)")
  (net 102 "Net-(D101-Pad1)")
  (net 103 "Net-(D102-Pad1)")
  (net 104 "Net-(D103-Pad1)")
  (net 105 "Net-(D104-Pad1)")
  (net 106 "Net-(D105-Pad1)")
  (net 107 "Net-(D106-Pad1)")
  (net 108 "Net-(D107-Pad1)")
  (net 109 "Net-(D108-Pad1)")
  (net 110 "Net-(D109-Pad1)")
  (net 111 "Net-(D110-Pad1)")
  (net 112 "Net-(D111-Pad1)")
  (net 113 "Net-(D112-Pad1)")
  (net 114 "Net-(D113-Pad1)")
  (net 115 "Net-(D114-Pad1)")
  (net 116 "Net-(D115-Pad1)")
  (net 117 "Net-(D116-Pad1)")
  (net 118 "Net-(D117-Pad1)")
  (net 119 "Net-(D118-Pad1)")
  (net 120 "Net-(D119-Pad1)")
  (net 121 "Net-(D120-Pad1)")
  (net 122 "Net-(D121-Pad1)")
  (net 123 "Net-(D122-Pad1)")
  (net 124 "Net-(D123-Pad1)")
  (net 125 "Net-(D124-Pad1)")
  (net 126 "Net-(D125-Pad1)")
  (net 127 "Net-(D126-Pad1)")
  (net 128 "Net-(D127-Pad1)")
  (net 129 "Net-(D128-Pad1)")
  (net 130 "Net-(D129-Pad1)")
  (net 131 "Net-(D130-Pad1)")
  (net 132 "Net-(D131-Pad1)")
  (net 133 "Net-(D132-Pad1)")
  (net 134 "Net-(D133-Pad1)")
  (net 135 "Net-(D134-Pad1)")
  (net 136 "Net-(D135-Pad1)")
  (net 137 "Net-(D136-Pad1)")
  (net 138 "Net-(D137-Pad1)")
  (net 139 "Net-(D138-Pad1)")
  (net 140 "Net-(D139-Pad1)")
  (net 141 "Net-(D140-Pad1)")
  (net 142 "Net-(D141-Pad1)")
  (net 143 "Net-(D142-Pad1)")
  (net 144 "Net-(D143-Pad1)")
  (net 145 "Net-(D144-Pad1)")
  (net 146 "Net-(D145-Pad1)")
  (net 147 "Net-(D146-Pad1)")
  (net 148 "Net-(D147-Pad1)")
  (net 149 "Net-(D148-Pad1)")
  (net 150 "Net-(D149-Pad1)")
  (net 151 "Net-(D150-Pad1)")
  (net 152 "Net-(D151-Pad1)")
  (net 153 "Net-(D152-Pad1)")
  (net 154 "Net-(D153-Pad1)")
  (net 155 "Net-(D154-Pad1)")
  (net 156 "Net-(D155-Pad1)")
  (net 157 "Net-(D156-Pad1)")
  (net 158 "Net-(D157-Pad1)")
  (net 159 "Net-(D158-Pad1)")
  (net 160 "Net-(D159-Pad1)")
  (net 161 "Net-(D160-Pad1)")
  (net 162 "Net-(D161-Pad1)")
  (net 163 "Net-(D162-Pad1)")
  (net 164 "Net-(D163-Pad1)")
  (net 165 "Net-(D164-Pad1)")
  (net 166 "Net-(D165-Pad1)")
  (net 167 "Net-(D166-Pad1)")
  (net 168 "Net-(D167-Pad1)")
  (net 169 "Net-(D168-Pad1)")
  (net 170 GND)

  (net_class Default "This is the default net class."
    (clearance 0.2)
    (trace_width 0.25)
    (via_dia 0.8)
    (via_drill 0.4)
    (uvia_dia 0.3)
    (uvia_drill 0.1)
    (add_net +12V)
    (add_net GND)
    (add_net "Net-(D1-Pad1)")
    (add_net "Net-(D10-Pad1)")
    (add_net "Net-(D10-Pad2)")
    (add_net "Net-(D100-Pad1)")
    (add_net "Net-(D100-Pad2)")
    (add_net "Net-(D101-Pad1)")
    (add_net "Net-(D102-Pad1)")
    (add_net "Net-(D103-Pad1)")
    (add_net "Net-(D104-Pad1)")
    (add_net "Net-(D105-Pad1)")
    (add_net "Net-(D106-Pad1)")
    (add_net "Net-(D107-Pad1)")
    (add_net "Net-(D108-Pad1)")
    (add_net "Net-(D109-Pad1)")
    (add_net "Net-(D11-Pad1)")
    (add_net "Net-(D110-Pad1)")
    (add_net "Net-(D111-Pad1)")
    (add_net "Net-(D112-Pad1)")
    (add_net "Net-(D113-Pad1)")
    (add_net "Net-(D114-Pad1)")
    (add_net "Net-(D115-Pad1)")
    (add_net "Net-(D116-Pad1)")
    (add_net "Net-(D117-Pad1)")
    (add_net "Net-(D118-Pad1)")
    (add_net "Net-(D119-Pad1)")
    (add_net "Net-(D12-Pad1)")
    (add_net "Net-(D120-Pad1)")
    (add_net "Net-(D121-Pad1)")
    (add_net "Net-(D122-Pad1)")
    (add_net "Net-(D123-Pad1)")
    (add_net "Net-(D124-Pad1)")
    (add_net "Net-(D125-Pad1)")
    (add_net "Net-(D126-Pad1)")
    (add_net "Net-(D127-Pad1)")
    (add_net "Net-(D128-Pad1)")
    (add_net "Net-(D129-Pad1)")
    (add_net "Net-(D13-Pad1)")
    (add_net "Net-(D130-Pad1)")
    (add_net "Net-(D131-Pad1)")
    (add_net "Net-(D132-Pad1)")
    (add_net "Net-(D133-Pad1)")
    (add_net "Net-(D134-Pad1)")
    (add_net "Net-(D135-Pad1)")
    (add_net "Net-(D136-Pad1)")
    (add_net "Net-(D137-Pad1)")
    (add_net "Net-(D138-Pad1)")
    (add_net "Net-(D139-Pad1)")
    (add_net "Net-(D14-Pad1)")
    (add_net "Net-(D140-Pad1)")
    (add_net "Net-(D141-Pad1)")
    (add_net "Net-(D142-Pad1)")
    (add_net "Net-(D143-Pad1)")
    (add_net "Net-(D144-Pad1)")
    (add_net "Net-(D145-Pad1)")
    (add_net "Net-(D146-Pad1)")
    (add_net "Net-(D147-Pad1)")
    (add_net "Net-(D148-Pad1)")
    (add_net "Net-(D149-Pad1)")
    (add_net "Net-(D15-Pad1)")
    (add_net "Net-(D150-Pad1)")
    (add_net "Net-(D151-Pad1)")
    (add_net "Net-(D152-Pad1)")
    (add_net "Net-(D153-Pad1)")
    (add_net "Net-(D154-Pad1)")
    (add_net "Net-(D155-Pad1)")
    (add_net "Net-(D156-Pad1)")
    (add_net "Net-(D157-Pad1)")
    (add_net "Net-(D158-Pad1)")
    (add_net "Net-(D159-Pad1)")
    (add_net "Net-(D16-Pad1)")
    (add_net "Net-(D160-Pad1)")
    (add_net "Net-(D161-Pad1)")
    (add_net "Net-(D162-Pad1)")
    (add_net "Net-(D163-Pad1)")
    (add_net "Net-(D164-Pad1)")
    (add_net "Net-(D165-Pad1)")
    (add_net "Net-(D166-Pad1)")
    (add_net "Net-(D167-Pad1)")
    (add_net "Net-(D168-Pad1)")
    (add_net "Net-(D17-Pad1)")
    (add_net "Net-(D18-Pad1)")
    (add_net "Net-(D19-Pad1)")
    (add_net "Net-(D2-Pad1)")
    (add_net "Net-(D20-Pad1)")
    (add_net "Net-(D21-Pad1)")
    (add_net "Net-(D22-Pad1)")
    (add_net "Net-(D23-Pad1)")
    (add_net "Net-(D24-Pad1)")
    (add_net "Net-(D25-Pad1)")
    (add_net "Net-(D26-Pad1)")
    (add_net "Net-(D27-Pad1)")
    (add_net "Net-(D28-Pad1)")
    (add_net "Net-(D29-Pad1)")
    (add_net "Net-(D3-Pad1)")
    (add_net "Net-(D30-Pad1)")
    (add_net "Net-(D31-Pad1)")
    (add_net "Net-(D32-Pad1)")
    (add_net "Net-(D33-Pad1)")
    (add_net "Net-(D34-Pad1)")
    (add_net "Net-(D35-Pad1)")
    (add_net "Net-(D36-Pad1)")
    (add_net "Net-(D37-Pad1)")
    (add_net "Net-(D38-Pad1)")
    (add_net "Net-(D39-Pad1)")
    (add_net "Net-(D4-Pad1)")
    (add_net "Net-(D40-Pad1)")
    (add_net "Net-(D41-Pad1)")
    (add_net "Net-(D42-Pad1)")
    (add_net "Net-(D43-Pad1)")
    (add_net "Net-(D44-Pad1)")
    (add_net "Net-(D45-Pad1)")
    (add_net "Net-(D46-Pad1)")
    (add_net "Net-(D47-Pad1)")
    (add_net "Net-(D48-Pad1)")
    (add_net "Net-(D49-Pad1)")
    (add_net "Net-(D5-Pad1)")
    (add_net "Net-(D50-Pad1)")
    (add_net "Net-(D51-Pad1)")
    (add_net "Net-(D52-Pad1)")
    (add_net "Net-(D53-Pad1)")
    (add_net "Net-(D54-Pad1)")
    (add_net "Net-(D55-Pad1)")
    (add_net "Net-(D56-Pad1)")
    (add_net "Net-(D57-Pad1)")
    (add_net "Net-(D58-Pad1)")
    (add_net "Net-(D59-Pad1)")
    (add_net "Net-(D6-Pad1)")
    (add_net "Net-(D60-Pad1)")
    (add_net "Net-(D61-Pad1)")
    (add_net "Net-(D62-Pad1)")
    (add_net "Net-(D63-Pad1)")
    (add_net "Net-(D64-Pad1)")
    (add_net "Net-(D65-Pad1)")
    (add_net "Net-(D66-Pad1)")
    (add_net "Net-(D67-Pad1)")
    (add_net "Net-(D68-Pad1)")
    (add_net "Net-(D69-Pad1)")
    (add_net "Net-(D7-Pad1)")
    (add_net "Net-(D70-Pad1)")
    (add_net "Net-(D71-Pad1)")
    (add_net "Net-(D72-Pad1)")
    (add_net "Net-(D73-Pad1)")
    (add_net "Net-(D74-Pad1)")
    (add_net "Net-(D75-Pad1)")
    (add_net "Net-(D76-Pad1)")
    (add_net "Net-(D77-Pad1)")
    (add_net "Net-(D78-Pad1)")
    (add_net "Net-(D79-Pad1)")
    (add_net "Net-(D8-Pad1)")
    (add_net "Net-(D80-Pad1)")
    (add_net "Net-(D81-Pad1)")
    (add_net "Net-(D82-Pad1)")
    (add_net "Net-(D83-Pad1)")
    (add_net "Net-(D84-Pad1)")
    (add_net "Net-(D85-Pad1)")
    (add_net "Net-(D86-Pad1)")
    (add_net "Net-(D87-Pad1)")
    (add_net "Net-(D88-Pad1)")
    (add_net "Net-(D89-Pad1)")
    (add_net "Net-(D90-Pad1)")
    (add_net "Net-(D91-Pad1)")
    (add_net "Net-(D92-Pad1)")
    (add_net "Net-(D93-Pad1)")
    (add_net "Net-(D94-Pad1)")
    (add_net "Net-(D95-Pad1)")
    (add_net "Net-(D96-Pad1)")
    (add_net "Net-(D97-Pad1)")
    (add_net "Net-(D98-Pad1)")
  )

  (module MountingHole:MountingHole_3.2mm_M3 (layer F.Cu) (tedit 56D1B4CB) (tstamp 60B81152)
    (at 80.329752 26.589637)
    (descr "Mounting Hole 3.2mm, no annular, M3")
    (tags "mounting hole 3.2mm no annular m3")
    (attr virtual)
    (fp_text reference M5 (at 0 -2.4) (layer F.Fab)
      (effects (font (size 1 1) (thickness 0.15)))
    )
    (fp_text value " " (at 0 4.2) (layer F.Fab)
      (effects (font (size 1 1) (thickness 0.15)))
    )
    (fp_circle (center 0 0) (end 3.2 0) (layer Cmts.User) (width 0.15))
    (fp_circle (center 0 0) (end 3.45 0) (layer F.CrtYd) (width 0.05))
    (fp_text user %R (at 0.3 0) (layer F.Fab)
      (effects (font (size 1 1) (thickness 0.15)))
    )
    (pad 1 np_thru_hole circle (at 0 0) (size 3.2 3.2) (drill 3.2) (layers *.Cu *.Mask))
  )

  (module MountingHole:MountingHole_3.2mm_M3 (layer F.Cu) (tedit 56D1B4CB) (tstamp 60B80174)
    (at 26.589637 80.329752)
    (descr "Mounting Hole 3.2mm, no annular, M3")
    (tags "mounting hole 3.2mm no annular m3")
    (attr virtual)
    (fp_text reference M4 (at 0.1 -2.3) (layer F.Fab)
      (effects (font (size 1 1) (thickness 0.15)))
    )
    (fp_text value "" (at 0 4.2) (layer F.Fab)
      (effects (font (size 1 1) (thickness 0.15)))
    )
    (fp_circle (center 0 0) (end 3.2 0) (layer Cmts.User) (width 0.15))
    (fp_circle (center 0 0) (end 3.45 0) (layer F.CrtYd) (width 0.05))
    (fp_text user %R (at 0.3 0) (layer F.Fab)
      (effects (font (size 1 1) (thickness 0.15)))
    )
    (pad 1 np_thru_hole circle (at 0 0) (size 3.2 3.2) (drill 3.2) (layers *.Cu *.Mask))
  )

  (module MountingHole:MountingHole_3.2mm_M3 (layer F.Cu) (tedit 56D1B4CB) (tstamp 60B80157)
    (at 46.259884 153.740115)
    (descr "Mounting Hole 3.2mm, no annular, M3")
    (tags "mounting hole 3.2mm no annular m3")
    (attr virtual)
    (fp_text reference M3 (at -0.1 -2.4) (layer F.Fab)
      (effects (font (size 1 1) (thickness 0.15)))
    )
    (fp_text value " " (at 0 4.2) (layer F.Fab)
      (effects (font (size 1 1) (thickness 0.15)))
    )
    (fp_circle (center 0 0) (end 3.2 0) (layer Cmts.User) (width 0.15))
    (fp_circle (center 0 0) (end 3.45 0) (layer F.CrtYd) (width 0.05))
    (fp_text user %R (at 0.3 0) (layer F.Fab)
      (effects (font (size 1 1) (thickness 0.15)))
    )
    (pad 1 np_thru_hole circle (at 0 0) (size 3.2 3.2) (drill 3.2) (layers *.Cu *.Mask))
  )

  (module MountingHole:MountingHole_3.2mm_M3 (layer F.Cu) (tedit 56D1B4CB) (tstamp 60B8013A)
    (at 119.670247 173.410362)
    (descr "Mounting Hole 3.2mm, no annular, M3")
    (tags "mounting hole 3.2mm no annular m3")
    (attr virtual)
    (fp_text reference M2 (at 0.1 -2.3) (layer F.Fab)
      (effects (font (size 1 1) (thickness 0.15)))
    )
    (fp_text value " " (at 0 4.2) (layer F.Fab)
      (effects (font (size 1 1) (thickness 0.15)))
    )
    (fp_circle (center 0 0) (end 3.2 0) (layer Cmts.User) (width 0.15))
    (fp_circle (center 0 0) (end 3.45 0) (layer F.CrtYd) (width 0.05))
    (fp_text user %R (at 0.3 0) (layer F.Fab)
      (effects (font (size 1 1) (thickness 0.15)))
    )
    (pad 1 np_thru_hole circle (at 0 0) (size 3.2 3.2) (drill 3.2) (layers *.Cu *.Mask))
  )

  (module MountingHole:MountingHole_3.2mm_M3 (layer F.Cu) (tedit 56D1B4CB) (tstamp 60B8011D)
    (at 173.410362 119.670247)
    (descr "Mounting Hole 3.2mm, no annular, M3")
    (tags "mounting hole 3.2mm no annular m3")
    (attr virtual)
    (fp_text reference M1 (at 0 -2.3) (layer F.Fab)
      (effects (font (size 1 1) (thickness 0.15)))
    )
    (fp_text value " " (at 0 4.2) (layer F.Fab)
      (effects (font (size 1 1) (thickness 0.15)))
    )
    (fp_circle (center 0 0) (end 3.2 0) (layer Cmts.User) (width 0.15))
    (fp_circle (center 0 0) (end 3.45 0) (layer F.CrtYd) (width 0.05))
    (fp_text user %R (at 0.3 0) (layer F.Fab)
      (effects (font (size 1 1) (thickness 0.15)))
    )
    (pad 1 np_thru_hole circle (at 0 0) (size 3.2 3.2) (drill 3.2) (layers *.Cu *.Mask))
  )

  (module LED_5mm_centered:LED_D5mm_centered (layer F.Cu) (tedit 60B6B259) (tstamp 60B7C9A3)
    (at 139.794772 104.046732 354.1935484)
    (descr "LED, diameter 5.0mm, 2 pins, http://cdn-reichelt.de/documents/datenblatt/A500/LL-504BC2E-009.pdf")
    (tags "LED diameter 5.0mm 2 pins")
    (path /60C3BEA0)
    (fp_text reference D1 (at 1.27 -3.96 354.1935484) (layer F.SilkS)
      (effects (font (size 1 1) (thickness 0.15)))
    )
    (fp_text value LED_ALT (at 1.27 3.96 354.1935484) (layer F.Fab) hide
      (effects (font (size 1 1) (thickness 0.15)))
    )
    (fp_circle (center 0 0) (end 2.5 0) (layer F.Fab) (width 0.1))
    (fp_circle (center 0 0) (end 2.5 0) (layer F.SilkS) (width 0.12))
    (fp_line (start -2.5 -1.469694) (end -2.5 1.469694) (layer F.Fab) (width 0.1))
    (fp_line (start -2.56 -1.545) (end -2.56 1.545) (layer F.SilkS) (width 0.12))
    (fp_line (start -3.22 -3.25) (end -3.22 3.25) (layer F.CrtYd) (width 0.05))
    (fp_line (start -3.22 3.25) (end 3.23 3.25) (layer F.CrtYd) (width 0.05))
    (fp_line (start 3.23 3.25) (end 3.23 -3.25) (layer F.CrtYd) (width 0.05))
    (fp_line (start 3.23 -3.25) (end -3.22 -3.25) (layer F.CrtYd) (width 0.05))
    (fp_text user %R (at -0.02 0 354.1935484) (layer F.Fab)
      (effects (font (size 0.8 0.8) (thickness 0.2)))
    )
    (fp_arc (start 0 0) (end -2.56 1.54483) (angle -148.9) (layer F.SilkS) (width 0.12))
    (fp_arc (start 0 0) (end -2.56 -1.54483) (angle 148.9) (layer F.SilkS) (width 0.12))
    (fp_arc (start 0 0) (end -2.5 -1.469694) (angle 299.1) (layer F.Fab) (width 0.1))
    (pad 2 thru_hole circle (at 1.27 0 354.1935484) (size 1.8 1.8) (drill 0.9) (layers *.Cu *.Mask)
      (net 1 +12V))
    (pad 1 thru_hole rect (at -1.27 0 354.1935484) (size 1.8 1.8) (drill 0.9) (layers *.Cu *.Mask)
      (net 2 "Net-(D1-Pad1)"))
    (model ${KISYS3DMOD}/LED_THT.3dshapes/LED_D5.0mm.wrl
      (at (xyz 0 0 0))
      (scale (xyz 1 1 1))
      (rotate (xyz 0 0 0))
    )
  )

  (module LED_5mm_centered:LED_D5mm_centered (layer F.Cu) (tedit 60B6B259) (tstamp 60B7C9B5)
    (at 138.16557 111.974524 342.5806452)
    (descr "LED, diameter 5.0mm, 2 pins, http://cdn-reichelt.de/documents/datenblatt/A500/LL-504BC2E-009.pdf")
    (tags "LED diameter 5.0mm 2 pins")
    (path /60C3C4DA)
    (fp_text reference D2 (at 1.27 -3.96 342.5806452) (layer F.SilkS)
      (effects (font (size 1 1) (thickness 0.15)))
    )
    (fp_text value LED_ALT (at 1.27 3.96 342.5806452) (layer F.Fab) hide
      (effects (font (size 1 1) (thickness 0.15)))
    )
    (fp_line (start 3.23 -3.25) (end -3.22 -3.25) (layer F.CrtYd) (width 0.05))
    (fp_line (start 3.23 3.25) (end 3.23 -3.25) (layer F.CrtYd) (width 0.05))
    (fp_line (start -3.22 3.25) (end 3.23 3.25) (layer F.CrtYd) (width 0.05))
    (fp_line (start -3.22 -3.25) (end -3.22 3.25) (layer F.CrtYd) (width 0.05))
    (fp_line (start -2.56 -1.545) (end -2.56 1.545) (layer F.SilkS) (width 0.12))
    (fp_line (start -2.5 -1.469694) (end -2.5 1.469694) (layer F.Fab) (width 0.1))
    (fp_circle (center 0 0) (end 2.5 0) (layer F.SilkS) (width 0.12))
    (fp_circle (center 0 0) (end 2.5 0) (layer F.Fab) (width 0.1))
    (fp_arc (start 0 0) (end -2.5 -1.469694) (angle 299.1) (layer F.Fab) (width 0.1))
    (fp_arc (start 0 0) (end -2.56 -1.54483) (angle 148.9) (layer F.SilkS) (width 0.12))
    (fp_arc (start 0 0) (end -2.56 1.54483) (angle -148.9) (layer F.SilkS) (width 0.12))
    (fp_text user %R (at -0.02 0 342.5806452) (layer F.Fab)
      (effects (font (size 0.8 0.8) (thickness 0.2)))
    )
    (pad 1 thru_hole rect (at -1.27 0 342.5806452) (size 1.8 1.8) (drill 0.9) (layers *.Cu *.Mask)
      (net 3 "Net-(D2-Pad1)"))
    (pad 2 thru_hole circle (at 1.27 0 342.5806452) (size 1.8 1.8) (drill 0.9) (layers *.Cu *.Mask)
      (net 2 "Net-(D1-Pad1)"))
    (model ${KISYS3DMOD}/LED_THT.3dshapes/LED_D5.0mm.wrl
      (at (xyz 0 0 0))
      (scale (xyz 1 1 1))
      (rotate (xyz 0 0 0))
    )
  )

  (module LED_5mm_centered:LED_D5mm_centered (layer F.Cu) (tedit 60B6B259) (tstamp 60B7C9C7)
    (at 134.973864 119.412078 330.9677419)
    (descr "LED, diameter 5.0mm, 2 pins, http://cdn-reichelt.de/documents/datenblatt/A500/LL-504BC2E-009.pdf")
    (tags "LED diameter 5.0mm 2 pins")
    (path /60C3CBBF)
    (fp_text reference D3 (at 1.27 -3.96 330.9677419) (layer F.SilkS)
      (effects (font (size 1 1) (thickness 0.15)))
    )
    (fp_text value LED_ALT (at 1.27 3.96 330.9677419) (layer F.Fab) hide
      (effects (font (size 1 1) (thickness 0.15)))
    )
    (fp_circle (center 0 0) (end 2.5 0) (layer F.Fab) (width 0.1))
    (fp_circle (center 0 0) (end 2.5 0) (layer F.SilkS) (width 0.12))
    (fp_line (start -2.5 -1.469694) (end -2.5 1.469694) (layer F.Fab) (width 0.1))
    (fp_line (start -2.56 -1.545) (end -2.56 1.545) (layer F.SilkS) (width 0.12))
    (fp_line (start -3.22 -3.25) (end -3.22 3.25) (layer F.CrtYd) (width 0.05))
    (fp_line (start -3.22 3.25) (end 3.23 3.25) (layer F.CrtYd) (width 0.05))
    (fp_line (start 3.23 3.25) (end 3.23 -3.25) (layer F.CrtYd) (width 0.05))
    (fp_line (start 3.23 -3.25) (end -3.22 -3.25) (layer F.CrtYd) (width 0.05))
    (fp_text user %R (at -0.02 0 330.9677419) (layer F.Fab)
      (effects (font (size 0.8 0.8) (thickness 0.2)))
    )
    (fp_arc (start 0 0) (end -2.56 1.54483) (angle -148.9) (layer F.SilkS) (width 0.12))
    (fp_arc (start 0 0) (end -2.56 -1.54483) (angle 148.9) (layer F.SilkS) (width 0.12))
    (fp_arc (start 0 0) (end -2.5 -1.469694) (angle 299.1) (layer F.Fab) (width 0.1))
    (pad 2 thru_hole circle (at 1.27 0 330.9677419) (size 1.8 1.8) (drill 0.9) (layers *.Cu *.Mask)
      (net 3 "Net-(D2-Pad1)"))
    (pad 1 thru_hole rect (at -1.27 0 330.9677419) (size 1.8 1.8) (drill 0.9) (layers *.Cu *.Mask)
      (net 4 "Net-(D3-Pad1)"))
    (model ${KISYS3DMOD}/LED_THT.3dshapes/LED_D5.0mm.wrl
      (at (xyz 0 0 0))
      (scale (xyz 1 1 1))
      (rotate (xyz 0 0 0))
    )
  )

  (module LED_5mm_centered:LED_D5mm_centered (layer F.Cu) (tedit 60B6B259) (tstamp 60B7C9D9)
    (at 130.350324 126.054899 319.3548387)
    (descr "LED, diameter 5.0mm, 2 pins, http://cdn-reichelt.de/documents/datenblatt/A500/LL-504BC2E-009.pdf")
    (tags "LED diameter 5.0mm 2 pins")
    (path /60C3D2C1)
    (fp_text reference D4 (at 1.27 -3.96 319.3548387) (layer F.SilkS)
      (effects (font (size 1 1) (thickness 0.15)))
    )
    (fp_text value LED_ALT (at 1.27 3.96 319.3548387) (layer F.Fab) hide
      (effects (font (size 1 1) (thickness 0.15)))
    )
    (fp_line (start 3.23 -3.25) (end -3.22 -3.25) (layer F.CrtYd) (width 0.05))
    (fp_line (start 3.23 3.25) (end 3.23 -3.25) (layer F.CrtYd) (width 0.05))
    (fp_line (start -3.22 3.25) (end 3.23 3.25) (layer F.CrtYd) (width 0.05))
    (fp_line (start -3.22 -3.25) (end -3.22 3.25) (layer F.CrtYd) (width 0.05))
    (fp_line (start -2.56 -1.545) (end -2.56 1.545) (layer F.SilkS) (width 0.12))
    (fp_line (start -2.5 -1.469694) (end -2.5 1.469694) (layer F.Fab) (width 0.1))
    (fp_circle (center 0 0) (end 2.5 0) (layer F.SilkS) (width 0.12))
    (fp_circle (center 0 0) (end 2.5 0) (layer F.Fab) (width 0.1))
    (fp_arc (start 0 0) (end -2.5 -1.469694) (angle 299.1) (layer F.Fab) (width 0.1))
    (fp_arc (start 0 0) (end -2.56 -1.54483) (angle 148.9) (layer F.SilkS) (width 0.12))
    (fp_arc (start 0 0) (end -2.56 1.54483) (angle -148.9) (layer F.SilkS) (width 0.12))
    (fp_text user %R (at -0.02 0 319.3548387) (layer F.Fab)
      (effects (font (size 0.8 0.8) (thickness 0.2)))
    )
    (pad 1 thru_hole rect (at -1.27 0 319.3548387) (size 1.8 1.8) (drill 0.9) (layers *.Cu *.Mask)
      (net 5 "Net-(D4-Pad1)"))
    (pad 2 thru_hole circle (at 1.27 0 319.3548387) (size 1.8 1.8) (drill 0.9) (layers *.Cu *.Mask)
      (net 4 "Net-(D3-Pad1)"))
    (model ${KISYS3DMOD}/LED_THT.3dshapes/LED_D5.0mm.wrl
      (at (xyz 0 0 0))
      (scale (xyz 1 1 1))
      (rotate (xyz 0 0 0))
    )
  )

  (module LED_5mm_centered:LED_D5mm_centered (layer F.Cu) (tedit 60B6B259) (tstamp 60B7C9EB)
    (at 124.484239 131.631029 307.7419355)
    (descr "LED, diameter 5.0mm, 2 pins, http://cdn-reichelt.de/documents/datenblatt/A500/LL-504BC2E-009.pdf")
    (tags "LED diameter 5.0mm 2 pins")
    (path /60C3D999)
    (fp_text reference D5 (at 1.27 -3.96 307.7419355) (layer F.SilkS)
      (effects (font (size 1 1) (thickness 0.15)))
    )
    (fp_text value LED_ALT (at 1.27 3.96 307.7419355) (layer F.Fab) hide
      (effects (font (size 1 1) (thickness 0.15)))
    )
    (fp_circle (center 0 0) (end 2.5 0) (layer F.Fab) (width 0.1))
    (fp_circle (center 0 0) (end 2.5 0) (layer F.SilkS) (width 0.12))
    (fp_line (start -2.5 -1.469694) (end -2.5 1.469694) (layer F.Fab) (width 0.1))
    (fp_line (start -2.56 -1.545) (end -2.56 1.545) (layer F.SilkS) (width 0.12))
    (fp_line (start -3.22 -3.25) (end -3.22 3.25) (layer F.CrtYd) (width 0.05))
    (fp_line (start -3.22 3.25) (end 3.23 3.25) (layer F.CrtYd) (width 0.05))
    (fp_line (start 3.23 3.25) (end 3.23 -3.25) (layer F.CrtYd) (width 0.05))
    (fp_line (start 3.23 -3.25) (end -3.22 -3.25) (layer F.CrtYd) (width 0.05))
    (fp_text user %R (at -0.02 0 307.7419355) (layer F.Fab)
      (effects (font (size 0.8 0.8) (thickness 0.2)))
    )
    (fp_arc (start 0 0) (end -2.56 1.54483) (angle -148.9) (layer F.SilkS) (width 0.12))
    (fp_arc (start 0 0) (end -2.56 -1.54483) (angle 148.9) (layer F.SilkS) (width 0.12))
    (fp_arc (start 0 0) (end -2.5 -1.469694) (angle 299.1) (layer F.Fab) (width 0.1))
    (pad 2 thru_hole circle (at 1.27 0 307.7419355) (size 1.8 1.8) (drill 0.9) (layers *.Cu *.Mask)
      (net 5 "Net-(D4-Pad1)"))
    (pad 1 thru_hole rect (at -1.27 0 307.7419355) (size 1.8 1.8) (drill 0.9) (layers *.Cu *.Mask)
      (net 6 "Net-(D5-Pad1)"))
    (model ${KISYS3DMOD}/LED_THT.3dshapes/LED_D5.0mm.wrl
      (at (xyz 0 0 0))
      (scale (xyz 1 1 1))
      (rotate (xyz 0 0 0))
    )
  )

  (module LED_5mm_centered:LED_D5mm_centered (layer F.Cu) (tedit 60B6B259) (tstamp 60B7C9FD)
    (at 117.615766 135.912181 296.1290323)
    (descr "LED, diameter 5.0mm, 2 pins, http://cdn-reichelt.de/documents/datenblatt/A500/LL-504BC2E-009.pdf")
    (tags "LED diameter 5.0mm 2 pins")
    (path /60C3E14F)
    (fp_text reference D6 (at 1.27 -3.96 296.1290323) (layer F.SilkS)
      (effects (font (size 1 1) (thickness 0.15)))
    )
    (fp_text value LED_ALT (at 1.27 3.96 296.1290323) (layer F.Fab) hide
      (effects (font (size 1 1) (thickness 0.15)))
    )
    (fp_line (start 3.23 -3.25) (end -3.22 -3.25) (layer F.CrtYd) (width 0.05))
    (fp_line (start 3.23 3.25) (end 3.23 -3.25) (layer F.CrtYd) (width 0.05))
    (fp_line (start -3.22 3.25) (end 3.23 3.25) (layer F.CrtYd) (width 0.05))
    (fp_line (start -3.22 -3.25) (end -3.22 3.25) (layer F.CrtYd) (width 0.05))
    (fp_line (start -2.56 -1.545) (end -2.56 1.545) (layer F.SilkS) (width 0.12))
    (fp_line (start -2.5 -1.469694) (end -2.5 1.469694) (layer F.Fab) (width 0.1))
    (fp_circle (center 0 0) (end 2.5 0) (layer F.SilkS) (width 0.12))
    (fp_circle (center 0 0) (end 2.5 0) (layer F.Fab) (width 0.1))
    (fp_arc (start 0 0) (end -2.5 -1.469694) (angle 299.1) (layer F.Fab) (width 0.1))
    (fp_arc (start 0 0) (end -2.56 -1.54483) (angle 148.9) (layer F.SilkS) (width 0.12))
    (fp_arc (start 0 0) (end -2.56 1.54483) (angle -148.9) (layer F.SilkS) (width 0.12))
    (fp_text user %R (at -0.02 0 296.1290323) (layer F.Fab)
      (effects (font (size 0.8 0.8) (thickness 0.2)))
    )
    (pad 1 thru_hole rect (at -1.27 0 296.1290323) (size 1.8 1.8) (drill 0.9) (layers *.Cu *.Mask)
      (net 7 "Net-(D6-Pad1)"))
    (pad 2 thru_hole circle (at 1.27 0 296.1290323) (size 1.8 1.8) (drill 0.9) (layers *.Cu *.Mask)
      (net 6 "Net-(D5-Pad1)"))
    (model ${KISYS3DMOD}/LED_THT.3dshapes/LED_D5.0mm.wrl
      (at (xyz 0 0 0))
      (scale (xyz 1 1 1))
      (rotate (xyz 0 0 0))
    )
  )

  (module LED_5mm_centered:LED_D5mm_centered (layer F.Cu) (tedit 60B6B259) (tstamp 60B7CA0F)
    (at 110.026101 138.723084 284.516129)
    (descr "LED, diameter 5.0mm, 2 pins, http://cdn-reichelt.de/documents/datenblatt/A500/LL-504BC2E-009.pdf")
    (tags "LED diameter 5.0mm 2 pins")
    (path /60C3E779)
    (fp_text reference D7 (at 1.27 -3.96 284.516129) (layer F.SilkS)
      (effects (font (size 1 1) (thickness 0.15)))
    )
    (fp_text value LED_ALT (at 1.27 3.96 284.516129) (layer F.Fab) hide
      (effects (font (size 1 1) (thickness 0.15)))
    )
    (fp_circle (center 0 0) (end 2.5 0) (layer F.Fab) (width 0.1))
    (fp_circle (center 0 0) (end 2.5 0) (layer F.SilkS) (width 0.12))
    (fp_line (start -2.5 -1.469694) (end -2.5 1.469694) (layer F.Fab) (width 0.1))
    (fp_line (start -2.56 -1.545) (end -2.56 1.545) (layer F.SilkS) (width 0.12))
    (fp_line (start -3.22 -3.25) (end -3.22 3.25) (layer F.CrtYd) (width 0.05))
    (fp_line (start -3.22 3.25) (end 3.23 3.25) (layer F.CrtYd) (width 0.05))
    (fp_line (start 3.23 3.25) (end 3.23 -3.25) (layer F.CrtYd) (width 0.05))
    (fp_line (start 3.23 -3.25) (end -3.22 -3.25) (layer F.CrtYd) (width 0.05))
    (fp_text user %R (at -0.02 0 284.516129) (layer F.Fab)
      (effects (font (size 0.8 0.8) (thickness 0.2)))
    )
    (fp_arc (start 0 0) (end -2.56 1.54483) (angle -148.9) (layer F.SilkS) (width 0.12))
    (fp_arc (start 0 0) (end -2.56 -1.54483) (angle 148.9) (layer F.SilkS) (width 0.12))
    (fp_arc (start 0 0) (end -2.5 -1.469694) (angle 299.1) (layer F.Fab) (width 0.1))
    (pad 2 thru_hole circle (at 1.27 0 284.516129) (size 1.8 1.8) (drill 0.9) (layers *.Cu *.Mask)
      (net 7 "Net-(D6-Pad1)"))
    (pad 1 thru_hole rect (at -1.27 0 284.516129) (size 1.8 1.8) (drill 0.9) (layers *.Cu *.Mask)
      (net 8 "Net-(D7-Pad1)"))
    (model ${KISYS3DMOD}/LED_THT.3dshapes/LED_D5.0mm.wrl
      (at (xyz 0 0 0))
      (scale (xyz 1 1 1))
      (rotate (xyz 0 0 0))
    )
  )

  (module LED_5mm_centered:LED_D5mm_centered (layer F.Cu) (tedit 60B6B259) (tstamp 60B7CA21)
    (at 102.025966 139.94866 272.9032258)
    (descr "LED, diameter 5.0mm, 2 pins, http://cdn-reichelt.de/documents/datenblatt/A500/LL-504BC2E-009.pdf")
    (tags "LED diameter 5.0mm 2 pins")
    (path /60C4AB10)
    (fp_text reference D8 (at 1.27 -3.96 272.9032258) (layer F.SilkS)
      (effects (font (size 1 1) (thickness 0.15)))
    )
    (fp_text value LED_ALT (at 1.27 3.96 272.9032258) (layer F.Fab) hide
      (effects (font (size 1 1) (thickness 0.15)))
    )
    (fp_line (start 3.23 -3.25) (end -3.22 -3.25) (layer F.CrtYd) (width 0.05))
    (fp_line (start 3.23 3.25) (end 3.23 -3.25) (layer F.CrtYd) (width 0.05))
    (fp_line (start -3.22 3.25) (end 3.23 3.25) (layer F.CrtYd) (width 0.05))
    (fp_line (start -3.22 -3.25) (end -3.22 3.25) (layer F.CrtYd) (width 0.05))
    (fp_line (start -2.56 -1.545) (end -2.56 1.545) (layer F.SilkS) (width 0.12))
    (fp_line (start -2.5 -1.469694) (end -2.5 1.469694) (layer F.Fab) (width 0.1))
    (fp_circle (center 0 0) (end 2.5 0) (layer F.SilkS) (width 0.12))
    (fp_circle (center 0 0) (end 2.5 0) (layer F.Fab) (width 0.1))
    (fp_arc (start 0 0) (end -2.5 -1.469694) (angle 299.1) (layer F.Fab) (width 0.1))
    (fp_arc (start 0 0) (end -2.56 -1.54483) (angle 148.9) (layer F.SilkS) (width 0.12))
    (fp_arc (start 0 0) (end -2.56 1.54483) (angle -148.9) (layer F.SilkS) (width 0.12))
    (fp_text user %R (at -0.02 0 272.9032258) (layer F.Fab)
      (effects (font (size 0.8 0.8) (thickness 0.2)))
    )
    (pad 1 thru_hole rect (at -1.27 0 272.9032258) (size 1.8 1.8) (drill 0.9) (layers *.Cu *.Mask)
      (net 9 "Net-(D8-Pad1)"))
    (pad 2 thru_hole circle (at 1.27 0 272.9032258) (size 1.8 1.8) (drill 0.9) (layers *.Cu *.Mask)
      (net 1 +12V))
    (model ${KISYS3DMOD}/LED_THT.3dshapes/LED_D5.0mm.wrl
      (at (xyz 0 0 0))
      (scale (xyz 1 1 1))
      (rotate (xyz 0 0 0))
    )
  )

  (module LED_5mm_centered:LED_D5mm_centered (layer F.Cu) (tedit 60B6B259) (tstamp 60B7CA33)
    (at 93.942888 139.538732 261.2903226)
    (descr "LED, diameter 5.0mm, 2 pins, http://cdn-reichelt.de/documents/datenblatt/A500/LL-504BC2E-009.pdf")
    (tags "LED diameter 5.0mm 2 pins")
    (path /60C4AB1A)
    (fp_text reference D9 (at 1.27 -3.96 261.2903226) (layer F.SilkS)
      (effects (font (size 1 1) (thickness 0.15)))
    )
    (fp_text value LED_ALT (at 1.27 3.96 261.2903226) (layer F.Fab) hide
      (effects (font (size 1 1) (thickness 0.15)))
    )
    (fp_circle (center 0 0) (end 2.5 0) (layer F.Fab) (width 0.1))
    (fp_circle (center 0 0) (end 2.5 0) (layer F.SilkS) (width 0.12))
    (fp_line (start -2.5 -1.469694) (end -2.5 1.469694) (layer F.Fab) (width 0.1))
    (fp_line (start -2.56 -1.545) (end -2.56 1.545) (layer F.SilkS) (width 0.12))
    (fp_line (start -3.22 -3.25) (end -3.22 3.25) (layer F.CrtYd) (width 0.05))
    (fp_line (start -3.22 3.25) (end 3.23 3.25) (layer F.CrtYd) (width 0.05))
    (fp_line (start 3.23 3.25) (end 3.23 -3.25) (layer F.CrtYd) (width 0.05))
    (fp_line (start 3.23 -3.25) (end -3.22 -3.25) (layer F.CrtYd) (width 0.05))
    (fp_text user %R (at -0.02 0 261.2903226) (layer F.Fab)
      (effects (font (size 0.8 0.8) (thickness 0.2)))
    )
    (fp_arc (start 0 0) (end -2.56 1.54483) (angle -148.9) (layer F.SilkS) (width 0.12))
    (fp_arc (start 0 0) (end -2.56 -1.54483) (angle 148.9) (layer F.SilkS) (width 0.12))
    (fp_arc (start 0 0) (end -2.5 -1.469694) (angle 299.1) (layer F.Fab) (width 0.1))
    (pad 2 thru_hole circle (at 1.27 0 261.2903226) (size 1.8 1.8) (drill 0.9) (layers *.Cu *.Mask)
      (net 9 "Net-(D8-Pad1)"))
    (pad 1 thru_hole rect (at -1.27 0 261.2903226) (size 1.8 1.8) (drill 0.9) (layers *.Cu *.Mask)
      (net 10 "Net-(D10-Pad2)"))
    (model ${KISYS3DMOD}/LED_THT.3dshapes/LED_D5.0mm.wrl
      (at (xyz 0 0 0))
      (scale (xyz 1 1 1))
      (rotate (xyz 0 0 0))
    )
  )

  (module LED_5mm_centered:LED_D5mm_centered (layer F.Cu) (tedit 60B6B259) (tstamp 60B7CA45)
    (at 86.107789 137.510085 249.6774194)
    (descr "LED, diameter 5.0mm, 2 pins, http://cdn-reichelt.de/documents/datenblatt/A500/LL-504BC2E-009.pdf")
    (tags "LED diameter 5.0mm 2 pins")
    (path /60C4AB24)
    (fp_text reference D10 (at 1.27 -3.96 249.6774194) (layer F.SilkS)
      (effects (font (size 1 1) (thickness 0.15)))
    )
    (fp_text value LED_ALT (at 1.27 3.96 249.6774194) (layer F.Fab) hide
      (effects (font (size 1 1) (thickness 0.15)))
    )
    (fp_line (start 3.23 -3.25) (end -3.22 -3.25) (layer F.CrtYd) (width 0.05))
    (fp_line (start 3.23 3.25) (end 3.23 -3.25) (layer F.CrtYd) (width 0.05))
    (fp_line (start -3.22 3.25) (end 3.23 3.25) (layer F.CrtYd) (width 0.05))
    (fp_line (start -3.22 -3.25) (end -3.22 3.25) (layer F.CrtYd) (width 0.05))
    (fp_line (start -2.56 -1.545) (end -2.56 1.545) (layer F.SilkS) (width 0.12))
    (fp_line (start -2.5 -1.469694) (end -2.5 1.469694) (layer F.Fab) (width 0.1))
    (fp_circle (center 0 0) (end 2.5 0) (layer F.SilkS) (width 0.12))
    (fp_circle (center 0 0) (end 2.5 0) (layer F.Fab) (width 0.1))
    (fp_arc (start 0 0) (end -2.5 -1.469694) (angle 299.1) (layer F.Fab) (width 0.1))
    (fp_arc (start 0 0) (end -2.56 -1.54483) (angle 148.9) (layer F.SilkS) (width 0.12))
    (fp_arc (start 0 0) (end -2.56 1.54483) (angle -148.9) (layer F.SilkS) (width 0.12))
    (fp_text user %R (at -0.02 0 249.6774194) (layer F.Fab)
      (effects (font (size 0.8 0.8) (thickness 0.2)))
    )
    (pad 1 thru_hole rect (at -1.27 0 249.6774194) (size 1.8 1.8) (drill 0.9) (layers *.Cu *.Mask)
      (net 11 "Net-(D10-Pad1)"))
    (pad 2 thru_hole circle (at 1.27 0 249.6774194) (size 1.8 1.8) (drill 0.9) (layers *.Cu *.Mask)
      (net 10 "Net-(D10-Pad2)"))
    (model ${KISYS3DMOD}/LED_THT.3dshapes/LED_D5.0mm.wrl
      (at (xyz 0 0 0))
      (scale (xyz 1 1 1))
      (rotate (xyz 0 0 0))
    )
  )

  (module LED_5mm_centered:LED_D5mm_centered (layer F.Cu) (tedit 60B6B259) (tstamp 60B7CA57)
    (at 78.841439 133.94577 238.0645161)
    (descr "LED, diameter 5.0mm, 2 pins, http://cdn-reichelt.de/documents/datenblatt/A500/LL-504BC2E-009.pdf")
    (tags "LED diameter 5.0mm 2 pins")
    (path /60C4AB2E)
    (fp_text reference D11 (at 1.27 -3.96 238.0645161) (layer F.SilkS)
      (effects (font (size 1 1) (thickness 0.15)))
    )
    (fp_text value LED_ALT (at 1.27 3.96 238.0645161) (layer F.Fab) hide
      (effects (font (size 1 1) (thickness 0.15)))
    )
    (fp_line (start 3.23 -3.25) (end -3.22 -3.25) (layer F.CrtYd) (width 0.05))
    (fp_line (start 3.23 3.25) (end 3.23 -3.25) (layer F.CrtYd) (width 0.05))
    (fp_line (start -3.22 3.25) (end 3.23 3.25) (layer F.CrtYd) (width 0.05))
    (fp_line (start -3.22 -3.25) (end -3.22 3.25) (layer F.CrtYd) (width 0.05))
    (fp_line (start -2.56 -1.545) (end -2.56 1.545) (layer F.SilkS) (width 0.12))
    (fp_line (start -2.5 -1.469694) (end -2.5 1.469694) (layer F.Fab) (width 0.1))
    (fp_circle (center 0 0) (end 2.5 0) (layer F.SilkS) (width 0.12))
    (fp_circle (center 0 0) (end 2.5 0) (layer F.Fab) (width 0.1))
    (fp_arc (start 0 0) (end -2.5 -1.469694) (angle 299.1) (layer F.Fab) (width 0.1))
    (fp_arc (start 0 0) (end -2.56 -1.54483) (angle 148.9) (layer F.SilkS) (width 0.12))
    (fp_arc (start 0 0) (end -2.56 1.54483) (angle -148.9) (layer F.SilkS) (width 0.12))
    (fp_text user %R (at -0.02 0 238.0645161) (layer F.Fab)
      (effects (font (size 0.8 0.8) (thickness 0.2)))
    )
    (pad 1 thru_hole rect (at -1.27 0 238.0645161) (size 1.8 1.8) (drill 0.9) (layers *.Cu *.Mask)
      (net 12 "Net-(D11-Pad1)"))
    (pad 2 thru_hole circle (at 1.27 0 238.0645161) (size 1.8 1.8) (drill 0.9) (layers *.Cu *.Mask)
      (net 11 "Net-(D10-Pad1)"))
    (model ${KISYS3DMOD}/LED_THT.3dshapes/LED_D5.0mm.wrl
      (at (xyz 0 0 0))
      (scale (xyz 1 1 1))
      (rotate (xyz 0 0 0))
    )
  )

  (module LED_5mm_centered:LED_D5mm_centered (layer F.Cu) (tedit 60B6B259) (tstamp 60B7CA69)
    (at 72.441323 128.991711 226.4516129)
    (descr "LED, diameter 5.0mm, 2 pins, http://cdn-reichelt.de/documents/datenblatt/A500/LL-504BC2E-009.pdf")
    (tags "LED diameter 5.0mm 2 pins")
    (path /60C4AB38)
    (fp_text reference D12 (at 1.27 -3.96 226.4516129) (layer F.SilkS)
      (effects (font (size 1 1) (thickness 0.15)))
    )
    (fp_text value LED_ALT (at 1.27 3.96 226.4516129) (layer F.Fab) hide
      (effects (font (size 1 1) (thickness 0.15)))
    )
    (fp_line (start 3.23 -3.25) (end -3.22 -3.25) (layer F.CrtYd) (width 0.05))
    (fp_line (start 3.23 3.25) (end 3.23 -3.25) (layer F.CrtYd) (width 0.05))
    (fp_line (start -3.22 3.25) (end 3.23 3.25) (layer F.CrtYd) (width 0.05))
    (fp_line (start -3.22 -3.25) (end -3.22 3.25) (layer F.CrtYd) (width 0.05))
    (fp_line (start -2.56 -1.545) (end -2.56 1.545) (layer F.SilkS) (width 0.12))
    (fp_line (start -2.5 -1.469694) (end -2.5 1.469694) (layer F.Fab) (width 0.1))
    (fp_circle (center 0 0) (end 2.5 0) (layer F.SilkS) (width 0.12))
    (fp_circle (center 0 0) (end 2.5 0) (layer F.Fab) (width 0.1))
    (fp_arc (start 0 0) (end -2.5 -1.469694) (angle 299.1) (layer F.Fab) (width 0.1))
    (fp_arc (start 0 0) (end -2.56 -1.54483) (angle 148.9) (layer F.SilkS) (width 0.12))
    (fp_arc (start 0 0) (end -2.56 1.54483) (angle -148.9) (layer F.SilkS) (width 0.12))
    (fp_text user %R (at -0.02 0 226.4516129) (layer F.Fab)
      (effects (font (size 0.8 0.8) (thickness 0.2)))
    )
    (pad 1 thru_hole rect (at -1.27 0 226.4516129) (size 1.8 1.8) (drill 0.9) (layers *.Cu *.Mask)
      (net 13 "Net-(D12-Pad1)"))
    (pad 2 thru_hole circle (at 1.27 0 226.4516129) (size 1.8 1.8) (drill 0.9) (layers *.Cu *.Mask)
      (net 12 "Net-(D11-Pad1)"))
    (model ${KISYS3DMOD}/LED_THT.3dshapes/LED_D5.0mm.wrl
      (at (xyz 0 0 0))
      (scale (xyz 1 1 1))
